Some((
    red: 0.12658226,
    green: 0.014731556,
    blue: 0.12098971,
    alpha: 1.0,
))